00000000000000000000010000000000
00000000000000000000000000001000
00000000000000000000000000000000
01000000000000010000010000000000
00000000000000000000000000000001
00000000000000000000000000000000
00000000000000000000000000000010
00100000001000010000100000000000
00000000000000000000000000000011
01000100000000010000010000000000
00000000000000000000000000000100
01100000001000010000000000000001
00000000000000000000000000000101
00000000000000000000000000000000
00000000000000000000000000000110
00100100001000010000000000001000
00000000000000000000000000000111
00100100001000010000010000000000
