00000000000000000000000000000000
00000000000000000000000000000000
00000000000000000000000000000001
01000000000000010000010000000000
00000000000000000000000000000010
00000000000000000000000000000000
00000000000000000000000000000011
00000000000000000000000000000000
00000000000000000000000000000100
00100000001000010000100000000000
00000000000000000000000000000101
00000000000000000000000000000000
00000000000000000000000000000110
00000000000000000000000000000000
00000000000000000000000000000111
01100000000000010000010000000000
00000000000000000000000000001000
10000000001000010000000000000100
00000000000000000000000000001001
00000000000000000000000000000000
00000000000000000000000000001010
00000000000000000000000000000000
00000000000000000000000000001011
00100100001000010000000000001000
00000000000000000000000000001100
00100100001000010000010000000000
00000000000000000000000000001101
00000000000000000000000000000000